  MAXIMUM ITER EXCEEDED    1.3097000000000001        2.3950999999999998        100000000000.00000        0.0000000000000000        12500.000000000000                         0                    0
 ITER>=LOOP:          13   5256.8750143294610        12500.000000000000        50.000000000000000               11          11   4309.7739169222868                0                    0                    0  0.52049418291318517       0.62385902653746927            20000       20000
  MAXIMUM ITER EXCEEDED    3.2981690000000001        3.0686000000000000        100000000000.00000        0.0000000000000000        12500.000000000000                         0                    0
 ITER>=LOOP:          13   496.68750000000000        12500.000000000000        50.000000000000000               11          11   30.137273668932323                0                    0                    0  0.74720986607522155       0.71552729958020045            20000       20000
  MAXIMUM ITER EXCEEDED    1.2044990000000000       0.77759999999999996        100000000000.00000        0.0000000000000000        12500.000000000000                         0                    0
 ITER>=LOOP:           7   7058.1930366959205        12500.000000000000        50.000000000000000               11          11   7058.1930366959205                0                    0                    0  0.51588413292717539       0.77760001087754038            20000       20000
  MAXIMUM ITER EXCEEDED    1.2268939999999999        1.9583999999999999        100000000000.00000        0.0000000000000000        12500.000000000000                         0                    0
 ITER>=LOOP:          13   6602.9906547504352        12500.000000000000        50.000000000000000               11          11   5057.6570927556440                0                    0                    0  0.51687646616473626       0.58982386440517620            20000       20000
  MAXIMUM ITER EXCEEDED    1.8850880000000001       0.71679999999999999        100000000000.00000        0.0000000000000000        12500.000000000000                         0                    0
 ITER>=LOOP:           4   1736.3355846289230        12500.000000000000        50.000000000000000               11          11   1736.3355846289230                0                    0                    0  0.58387821060225087       0.71680000832788826            20000       20000
  MAXIMUM ITER EXCEEDED    2.1575419999999998        1.4778000000000000        100000000000.00000        0.0000000000000000        12500.000000000000                         0                    0
 ITER>=LOOP:          10   3514.7130241583018        12500.000000000000        50.000000000000000               11          11  0.69645570103830323                0                    0                    0  0.59011114971179557       0.53669794690952199            20000       20000
  MAXIMUM ITER EXCEEDED    1.9258830000000000        1.8494999999999999        100000000000.00000        0.0000000000000000        12500.000000000000                         0                    0
 ITER>=LOOP:          11   1779.9005098622090        12500.000000000000        50.000000000000000               11          11   5.3025057718923563                0                    0                    0  0.58655786042118718       0.57828436578166142            20000       20000
  MAXIMUM ITER EXCEEDED    4.9886509999999999        1.2104999999999999        100000000000.00000        0.0000000000000000        12500.000000000000                         0                    0
 ITER>=LOOP:          10   6966.1629023009682        12500.000000000000        50.000000000000000               11          11   47.140071953501320                0                    0                    0  0.97132444544534891       0.51623470066703669            20000       20000
  MAXIMUM ITER EXCEEDED    2.7881100000000001        1.3391000000000000        100000000000.00000        0.0000000000000000        12500.000000000000                         0                    0
 ITER>=LOOP:          10   4914.8624989066911        12500.000000000000        50.000000000000000               11          11   41.351050300988391                0                    0                    0  0.68011991237401082       0.52246198036710412            20000       20000
  MAXIMUM ITER EXCEEDED    1.2450129999999999       0.59550000000000003        100000000000.00000        0.0000000000000000        12500.000000000000                         0                    0
 ITER>=LOOP:           7   6270.9562089726587        12500.000000000000        50.000000000000000               11          11   6270.9562089726587                0                    0                    0  0.51731348800097154       0.59550000862679908            20000       20000
  MAXIMUM ITER EXCEEDED    1.1164000000000001        2.8372999999999999        100000000000.00000        0.0000000000000000        12500.000000000000                         0                    0
 ITER>=LOOP:          13   9270.2137253148758        12500.000000000000        50.000000000000000               11          11   8685.7384624115257                0                    0                    0  0.51288088420833466       0.68539272561786457            20000       20000
  MAXIMUM ITER EXCEEDED    1.3156390000000000        1.0882000000000001        100000000000.00000        0.0000000000000000        12500.000000000000                         0                    0
 ITER>=LOOP:          13   10164.000000000000        12500.000000000000        50.000000000000000               11          11   30.687304362676514                0                    0                    0  0.52079678097197157       0.51271671461265556            20000       20000
  MAXIMUM ITER EXCEEDED    2.9254220000000002        1.7632000000000001        100000000000.00000        0.0000000000000000        12500.000000000000                         0                    0
 ITER>=LOOP:          13   2058.5937489104331        12500.000000000000        50.000000000000000               11          11   24.611057567999296                0                    0                    0  0.69513239579377784       0.56805061569466619            20000       20000
  MAXIMUM ITER EXCEEDED    1.5892139999999999       0.81840000000000002        100000000000.00000        0.0000000000000000        12500.000000000000                         0                    0
 ITER>=LOOP:           7   2819.4700763000751        12500.000000000000        50.000000000000000               11          11   2819.4700763000751                0                    0                    0  0.54902706873757523       0.81840000953330427            20000       20000
  MAXIMUM ITER EXCEEDED    1.1237420000000000       0.58530000000000004        100000000000.00000        0.0000000000000000        12500.000000000000                         0                    0
 ITER>=LOOP:           7   9053.2728894719639        12500.000000000000        50.000000000000000               11          11   9053.2728894719639                0                    0                    0  0.51293642202877821       0.58530001020758304            20000       20000
  MAXIMUM ITER EXCEEDED    1.4838739999999999        1.2724000000000000        100000000000.00000        0.0000000000000000        12500.000000000000                         0                    0
 ITER>=LOOP:          13   5818.7187500000000        12500.000000000000        50.000000000000000               11          11   10.913210518869164                0                    0                    0  0.53740571012031046       0.51835366947442518            20000       20000
  MAXIMUM ITER EXCEEDED    2.3469799999999998        2.0438999999999998        100000000000.00000        0.0000000000000000        12500.000000000000                         0                    0
 ITER>=LOOP:          13   1493.6227333973911        12500.000000000000        50.000000000000000               11          11   10.541040132697844                0                    0                    0  0.61553307401772150       0.59416636712035942            20000       20000
  MAXIMUM ITER EXCEEDED    1.0536000000000001        1.4551000000000001        100000000000.00000        0.0000000000000000        12500.000000000000                         0                    0
 ITER>=LOOP:          13   11416.238838283984        12500.000000000000        50.000000000000000               11          11   7720.6997377999087                0                    0                    0  0.51231017018087655       0.53420677381578630            20000       20000
  MAXIMUM ITER EXCEEDED    1.0919340000000000        1.0929000000000000        100000000000.00000        0.0000000000000000        12500.000000000000                         0                    0
 ITER>=LOOP:          13   10055.687500000000        12500.000000000000        50.000000000000000               11          11   76.792524128712103                0                    0                    0  0.51271617334223529       0.51270395599538621            20000       20000
  MAXIMUM ITER EXCEEDED    1.1496150000000001       0.55300000000000005        100000000000.00000        0.0000000000000000        12500.000000000000                         0                    0
 ITER>=LOOP:           7   8364.3470633054894        12500.000000000000        50.000000000000000               11          11   8364.3470633054894                0                    0                    0  0.51373218331676263       0.55300001096703855            20000       20000
  MAXIMUM ITER EXCEEDED    2.6100150000000002        1.9490000000000001        100000000000.00000        0.0000000000000000        12500.000000000000                         0                    0
 ITER>=LOOP:          10   1585.1269052488528        12500.000000000000        50.000000000000000               11          11   25.434010298526118                0                    0                    0  0.65840127918365177       0.58926518139633388            20000       20000
  MAXIMUM ITER EXCEEDED    1.4632030000000000       0.81340000000000001        100000000000.00000        0.0000000000000000        12500.000000000000                         0                    0
 ITER>=LOOP:           7   3666.0871830597280        12500.000000000000        50.000000000000000               11          11   3666.0871830597280                0                    0                    0  0.53504187005199477       0.81340001007797802            20000       20000
  MAXIMUM ITER EXCEEDED    1.4895339999999999       0.61539999999999995        100000000000.00000        0.0000000000000000        12500.000000000000                         0                    0
 ITER>=LOOP:           7   3457.5744601859592        12500.000000000000        50.000000000000000               11          11   3457.5744601859592                0                    0                    0  0.53819860609016934       0.61540000993776034            20000       20000
  MAXIMUM ITER EXCEEDED    1.5006280000000001        1.2027000000000001        100000000000.00000        0.0000000000000000        12500.000000000000                         0                    0
 ITER>=LOOP:          13   7084.7906899470072        12500.000000000000        50.000000000000000               11          11   4.9883444041024632                0                    0                    0  0.53899863983531437       0.51601670496976471            20000       20000
  MAXIMUM ITER EXCEEDED    2.0543300000000002        1.2309000000000001        100000000000.00000        0.0000000000000000        12500.000000000000                         0                    0
 ITER>=LOOP:          13   6552.0163737481034        12500.000000000000        50.000000000000000               11          11   29.999396968683868                0                    0                    0  0.59417005560867098       0.51683168640972421            20000       20000
  MAXIMUM ITER EXCEEDED    1.1988700000000001       0.54390000000000005        100000000000.00000        0.0000000000000000        12500.000000000000                         0                    0
 ITER>=LOOP:           6   7203.0278451495451        12500.000000000000        50.000000000000000               11          11   7203.0278451495451                0                    0                    0  0.51587040747291657       0.54390001087365580            20000       20000
  MAXIMUM ITER EXCEEDED    6.5204579999999996        1.1603000000000001        100000000000.00000        0.0000000000000000        12500.000000000000                         0                    0
 ITER>=LOOP:          13   8101.7500000000000        12500.000000000000        50.000000000000000               12          11   49.601636157133726                0                    0                    0   1.1872689939420824       0.51407924236812164            20000       20000
  MAXIMUM ITER EXCEEDED    1.1372000000000000       0.59860000000000002        100000000000.00000        0.0000000000000000        12500.000000000000                         0                    0
 ITER>=LOOP:           6   8696.1204901242600        12500.000000000000        50.000000000000000               11          11   8696.1204901242600                0                    0                    0  0.51333502415816934       0.59860001098503268            20000       20000
  MAXIMUM ITER EXCEEDED    1.1426179999999999       0.77300000000000002        100000000000.00000        0.0000000000000000        12500.000000000000                         0                    0
 ITER>=LOOP:           7   8519.3021883302936        12500.000000000000        50.000000000000000               11          11   8519.3021883302936                0                    0                    0  0.51338475884780976       0.77300000923581436            20000       20000
  MAXIMUM ITER EXCEEDED    1.2392609999999999        1.5617000000000001        100000000000.00000        0.0000000000000000        12500.000000000000                         0                    0
 ITER>=LOOP:          14   6400.0000000000000        12500.000000000000        50.000000000000000               11          11   3454.8089397743956                0                    0                    0  0.51710187410554709       0.54590807512662687            20000       20000
  MAXIMUM ITER EXCEEDED    2.0917059999999998        1.4896000000000000        100000000000.00000        0.0000000000000000        12500.000000000000                         0                    0
 ITER>=LOOP:          13   3460.5116494571330        12500.000000000000        50.000000000000000               11          11   35.764822114877006                0                    0                    0  0.59313968965556574       0.53776801706241995            20000       20000
  MAXIMUM ITER EXCEEDED    3.5726350000000000        1.6974000000000000        100000000000.00000        0.0000000000000000        12500.000000000000                         0                    0
 ITER>=LOOP:          13   2289.6097706331093        12500.000000000000        50.000000000000000               11          11   11.977555511551145                0                    0                    0  0.78874570371392172       0.56063593873606388            20000       20000
  MAXIMUM ITER EXCEEDED    1.1004060000000000        1.0545000000000000        100000000000.00000        0.0000000000000000        12500.000000000000                         0                    0
 ITER>=LOOP:          13   11385.312500000000        12500.000000000000        50.000000000000000               11          11   38.329957560268667                0                    0                    0  0.51278139404956258       0.51245287605649303            20000       20000
  MAXIMUM ITER EXCEEDED    3.3620980000000000        1.3751000000000000        100000000000.00000        0.0000000000000000        12500.000000000000                         0                    0
 ITER>=LOOP:          13   4489.2886253277129        12500.000000000000        50.000000000000000               11          11   33.099152593138570                0                    0                    0  0.75601337089935394       0.52547291009773689            20000       20000
  MAXIMUM ITER EXCEEDED    1.7390610000000000       0.63329999999999997        100000000000.00000        0.0000000000000000        12500.000000000000                         0                    0
 ITER>=LOOP:           7   2122.7958017063352        12500.000000000000        50.000000000000000               11          11   2122.7958017063352                0                    0                    0  0.56506549817645735       0.63330000649500784            20000       20000
  MAXIMUM ITER EXCEEDED    3.3291870000000001        1.9639260000000001        100000000000.00000        0.0000000000000000        12500.000000000000                         0                    0
 ITER>=LOOP:          14   1550.0000000000000        12500.000000000000        50.000000000000000               11          11   12.489387061613343                0                    0                    0  0.75062355336161213       0.58961924667123322            20000       20000
  MAXIMUM ITER EXCEEDED    1.0315010000000000        1.2450000000000001        100000000000.00000        0.0000000000000000        12500.000000000000                         0                    0
 ITER>=LOOP:          13   12311.424457878657        12500.000000000000        50.000000000000000               11          11   6045.3121892435556                0                    0                    0  0.51227777787361439       0.51739467703129127            20000       20000
  MAXIMUM ITER EXCEEDED    1.4926090000000001        1.1900999999999999        100000000000.00000        0.0000000000000000        12500.000000000000                         0                    0
 ITER>=LOOP:          13   7366.0043288474808        12500.000000000000        50.000000000000000               11          11   15.226748713167581                0                    0                    0  0.53832202946096619       0.51544050855418533            20000       20000
  MAXIMUM ITER EXCEEDED    1.2031080000000001        1.3978999999999999        100000000000.00000        0.0000000000000000        12500.000000000000                         0                    0
 ITER>=LOOP:          13   7073.8947171872605        12500.000000000000        50.000000000000000               11          11   2855.9408008508017                0                    0                    0  0.51590198972572832       0.52778008880935035            20000       20000
  MAXIMUM ITER EXCEEDED    1.3995000000000000        1.2474000000000001        100000000000.00000        0.0000000000000000        12500.000000000000                         0                    0
 ITER>=LOOP:          13   6262.3175060866815        12500.000000000000        50.000000000000000               11          11   38.344843010369914                0                    0                    0  0.52815465303499165       0.51766101646365847            20000       20000
  MAXIMUM ITER EXCEEDED    1.7744640000000000        1.2050000000000001        100000000000.00000        0.0000000000000000        12500.000000000000                         0                    0
 ITER>=LOOP:          13   7038.4257985676941        12500.000000000000        50.000000000000000               11          11   6.5802923101364286                0                    0                    0  0.56959157218186740       0.51580394436621191            20000       20000
  MAXIMUM ITER EXCEEDED    1.0904849999999999        1.4755000000000000        100000000000.00000        0.0000000000000000        12500.000000000000                         0                    0
 ITER>=LOOP:          13   10072.081837383059        12500.000000000000        50.000000000000000               11          11   6540.2712087296295                0                    0                    0  0.51267509441578252       0.53645935089262475            20000       20000
  MAXIMUM ITER EXCEEDED    1.7254769999999999        1.1023000000000001        100000000000.00000        0.0000000000000000        12500.000000000000                         0                    0
 ITER>=LOOP:          13   9700.0354277979059        12500.000000000000        50.000000000000000               11          11   20.047851029092271                0                    0                    0  0.56413029428923578       0.51284375952462535            20000       20000
  MAXIMUM ITER EXCEEDED    2.8188029999999999        1.0906000000000000        100000000000.00000        0.0000000000000000        12500.000000000000                         0                    0
 ITER>=LOOP:          10   10092.633418540809        12500.000000000000        50.000000000000000               11          11   38.595433001881247                0                    0                    0  0.68342938824326216       0.51269159541501053            20000       20000
  MAXIMUM ITER EXCEEDED    3.2471049999999999        1.1133000000000000        100000000000.00000        0.0000000000000000        12500.000000000000                         0                    0
 ITER>=LOOP:          13   9348.6128215251847        12500.000000000000        50.000000000000000               11          11   2.4003675575713714                0                    0                    0  0.73993902223820474       0.51298323663346568            20000       20000
  MAXIMUM ITER EXCEEDED    4.0053369999999999        1.5719000000000001        100000000000.00000        0.0000000000000000        12500.000000000000                         0                    0
 ITER>=LOOP:          13   2929.8750000000000        12500.000000000000        50.000000000000000               11          11   44.443956754051669                0                    0                    0  0.84845317271698961       0.54671646557836451            20000       20000
  MAXIMUM ITER EXCEEDED    3.3984090000000000        2.2924000000000002        100000000000.00000        0.0000000000000000        12500.000000000000                         0                    0
 ITER>=LOOP:          13   1100.0798270035450        12500.000000000000        50.000000000000000               11          11   27.903411488407073                0                    0                    0  0.76170858613986336       0.60572521944757551            20000       20000
  MAXIMUM ITER EXCEEDED    1.7514940000000001       0.79300000000000004        100000000000.00000        0.0000000000000000        12500.000000000000                         0                    0
 ITER>=LOOP:           7   2088.7346235240038        12500.000000000000        50.000000000000000               11          11   2088.7346235240038                0                    0                    0  0.56703281213351142       0.79300000887857602            20000       20000
  MAXIMUM ITER EXCEEDED    1.2165969999999999       0.59999999999999998        100000000000.00000        0.0000000000000000        12500.000000000000                         0                    0
 ITER>=LOOP:           7   6805.0546334041082        12500.000000000000        50.000000000000000               11          11   6805.0546334041082                0                    0                    0  0.51612062624501998       0.60000000981823964            20000       20000
  MAXIMUM ITER EXCEEDED    5.3847690000000004        3.7141000000000002        100000000000.00000        0.0000000000000000        12500.000000000000                         0                    0
 ITER>=LOOP:          13   287.62500000000000        12500.000000000000        50.000000000000000               11          11   16.258854096782272                0                    0                    0   1.0235112416093701       0.81465218135563311            20000       20000
  MAXIMUM ITER EXCEEDED    1.6927700000000001        1.0882000000000001        100000000000.00000        0.0000000000000000        12500.000000000000                         0                    0
 ITER>=LOOP:          13   10134.339184990731        12500.000000000000        50.000000000000000               11          11   1.0272297606934444                0                    0                    0  0.56004250999022398       0.51272075943660345            20000       20000
  MAXIMUM ITER EXCEEDED    3.4439400000000000        1.4739000000000000        100000000000.00000        0.0000000000000000        12500.000000000000                         0                    0
 ITER>=LOOP:          13   3562.4287651946579        12500.000000000000        50.000000000000000               11          11   18.159173767902303                0                    0                    0  0.76754462931811929       0.53641951823931555            20000       20000
  MAXIMUM ITER EXCEEDED    1.0552290000000000       0.60740000000000005        100000000000.00000        0.0000000000000000        12500.000000000000                         0                    0
 ITER>=LOOP:           7   11358.299166490455        12500.000000000000        50.000000000000000               11          11   11358.299166490455                0                    0                    0  0.51231596211486263       0.60740001102970054            20000       20000
  MAXIMUM ITER EXCEEDED    1.2343000000000000       0.72709999999999997        100000000000.00000        0.0000000000000000        12500.000000000000                         0                    0
 ITER>=LOOP:           6   6502.4272592272728        12500.000000000000        50.000000000000000               11          11   6502.4272592272728                0                    0                    0  0.51691002274139342       0.72710001083702436            20000       20000
  MAXIMUM ITER EXCEEDED    4.0945049999999998        1.0365000000000000        100000000000.00000        0.0000000000000000        12500.000000000000                         0                    0
 ITER>=LOOP:          13   12120.031227252792        12500.000000000000        50.000000000000000               11          11   39.153297211054451                0                    0                    0  0.85923623865835375       0.51231111479483704            20000       20000
  MAXIMUM ITER EXCEEDED    1.2438000000000000        1.8244000000000000        100000000000.00000        0.0000000000000000        12500.000000000000                         0                    0
 ITER>=LOOP:          13   6325.0000000000000        12500.000000000000        50.000000000000000               11          11   4481.5482542589907                0                    0                    0  0.51729033278488601       0.57456426640296820            20000       20000
  MAXIMUM ITER EXCEEDED    2.3207890000000000        1.3131999999999999        100000000000.00000        0.0000000000000000        12500.000000000000                         0                    0
 ITER>=LOOP:          13   5213.4306851032215        12500.000000000000        50.000000000000000               11          11   4.5076676330218106                0                    0                    0  0.61059250731765602       0.52075840975837806            20000       20000
  MAXIMUM ITER EXCEEDED    1.0491370000000000        1.0482000000000000        100000000000.00000        0.0000000000000000        12500.000000000000                         0                    0
 ITER>=LOOP:          13   11630.824638377353        12500.000000000000        50.000000000000000               11          11   34.312307567190146                0                    0                    0  0.51231724850998150       0.51231004076818576            20000       20000
  MAXIMUM ITER EXCEEDED    4.5648939999999998        2.1450000000000000        100000000000.00000        0.0000000000000000        12500.000000000000                         0                    0
 ITER>=LOOP:          10   1296.2557880817890        12500.000000000000        50.000000000000000               11          11   2.6012693018183199                0                    0                    0  0.91616917892957861       0.59038635267125672            20000       20000
  MAXIMUM ITER EXCEEDED    1.1972499999999999        1.8322000000000001        100000000000.00000        0.0000000000000000        12500.000000000000                         0                    0
 ITER>=LOOP:          14   7200.0000000000000        12500.000000000000        50.000000000000000               11          11   5378.5216007819845                0                    0                    0  0.51554856301184271       0.57549754254549967            20000       20000
  MAXIMUM ITER EXCEEDED    2.2974209999999999        1.4128000000000001        100000000000.00000        0.0000000000000000        12500.000000000000                         0                    0
 ITER>=LOOP:          13   4083.3947018694607        12500.000000000000        50.000000000000000               11          11   11.329939219493554                0                    0                    0  0.60662728068559058       0.52948944538908915            20000       20000
  MAXIMUM ITER EXCEEDED    1.5382060000000000       0.82720000000000005        100000000000.00000        0.0000000000000000        12500.000000000000                         0                    0
 ITER>=LOOP:           7   3117.3542706390699        12500.000000000000        50.000000000000000               11          11   3117.3542706390699                0                    0                    0  0.54308526073347685       0.82720000975923724            20000       20000
  MAXIMUM ITER EXCEEDED    1.4682299999999999        1.2160000000000000        100000000000.00000        0.0000000000000000        12500.000000000000                         0                    0
 ITER>=LOOP:          13   6853.1861348953898        12500.000000000000        50.000000000000000               11          11   44.468145472044853                0                    0                    0  0.53591299120791203       0.51647953380835443            20000       20000
  MAXIMUM ITER EXCEEDED    3.0139740000000002        1.3939999999999999        100000000000.00000        0.0000000000000000        12500.000000000000                         0                    0
 ITER>=LOOP:          13   4269.1080212810730        12500.000000000000        50.000000000000000               11          11   11.723160057586028                0                    0                    0  0.70819823635718449       0.52737663648108957            20000       20000
  MAXIMUM ITER EXCEEDED    1.1153059999999999        1.4379000000000000        100000000000.00000        0.0000000000000000        12500.000000000000                         0                    0
 ITER>=LOOP:          13   9291.0501010931803        12500.000000000000        50.000000000000000               11          11   5448.7478604722492                0                    0                    0  0.51297178930691578       0.53251433886189092            20000       20000
  MAXIMUM ITER EXCEEDED    1.2670129999999999        1.0387999999999999        100000000000.00000        0.0000000000000000        12500.000000000000                         0                    0
 ITER>=LOOP:          13   12023.165879502827        12500.000000000000        50.000000000000000               11          11   39.721201311487675                0                    0                    0  0.51815425372729684       0.51224371835442983            20000       20000
  MAXIMUM ITER EXCEEDED    4.4300160000000002        1.1195999999999999        100000000000.00000        0.0000000000000000        12500.000000000000                         0                    0
 ITER>=LOOP:          13   9210.0292015543746        12500.000000000000        50.000000000000000               11          11   47.593043086637408                0                    0                    0  0.89830688023478822       0.51299486805803718            20000       20000
  MAXIMUM ITER EXCEEDED    6.1212869999999997        1.2347999999999999        100000000000.00000        0.0000000000000000        12500.000000000000                         0                    0
 ITER>=LOOP:          12   6465.1963444295779        12500.000000000000        50.000000000000000               11          11   15.413078309381490                0                    0                    0   1.1283904580309254       0.51695543023257218            20000       20000
  MAXIMUM ITER EXCEEDED    2.0364030000000000        2.2688999999999999        100000000000.00000        0.0000000000000000        12500.000000000000                         0                    0
 ITER>=LOOP:          13   1510.0500109646759        12500.000000000000        50.000000000000000               11          11   406.19577862998085                0                    0                    0  0.59382945024307665       0.60158258967784106            20000       20000
  MAXIMUM ITER EXCEEDED    1.3351340000000000       0.79879999999999995        100000000000.00000        0.0000000000000000        12500.000000000000                         0                    0
 ITER>=LOOP:           7   4956.4303673504764        12500.000000000000        50.000000000000000               11          11   4956.4303673504764                0                    0                    0  0.52199451679923115       0.79880001061867956            20000       20000
  MAXIMUM ITER EXCEEDED    5.4689199999999998        2.5911000000000000        100000000000.00000        0.0000000000000000        12500.000000000000                         0                    0
 ITER>=LOOP:          12   784.71491172060803        12500.000000000000        50.000000000000000               11          11   26.684408483831476                0                    0                    0   1.0414420574288183       0.65538781336764995            20000       20000
  MAXIMUM ITER EXCEEDED    1.6690140000000000        1.1447000000000001        100000000000.00000        0.0000000000000000        12500.000000000000                         0                    0
 ITER>=LOOP:          13   8501.3086717308543        12500.000000000000        50.000000000000000               11          11   44.396731161376010                0                    0                    0  0.55696309246479236       0.51332129589325870            20000       20000
  MAXIMUM ITER EXCEEDED    1.8759650000000001        1.1188000000000000        100000000000.00000        0.0000000000000000        12500.000000000000                         0                    0
 ITER>=LOOP:          13   9202.5000000000000        12500.000000000000        50.000000000000000               11          11   17.016970371190837                0                    0                    0  0.58014137428795176       0.51293037389489848            20000       20000
  MAXIMUM ITER EXCEEDED    1.3026560000000000        1.3846000000000001        100000000000.00000        0.0000000000000000        12500.000000000000                         0                    0
 ITER>=LOOP:          13   5367.5000000000000        12500.000000000000        50.000000000000000               11          11   1012.8712067405504                0                    0                    0  0.52002619511117254       0.52634265734514485            20000       20000
  MAXIMUM ITER EXCEEDED    1.0884339999999999        2.4805999999999999        100000000000.00000        0.0000000000000000        12500.000000000000                         0                    0
 ITER>=LOOP:          14   10150.000000000000        12500.000000000000        50.000000000000000               11          11   9292.0903067229428                0                    0                    0  0.51209146612787870       0.64207499329939455            20000       20000
  MAXIMUM ITER EXCEEDED    4.9348349999999996        1.6574000000000000        100000000000.00000        0.0000000000000000        12500.000000000000                         0                    0
 ITER>=LOOP:          13   2457.5034557691160        12500.000000000000        50.000000000000000               11          11   8.9397820219724053                0                    0                    0  0.96389464805913261       0.55666036994211476            20000       20000
  MAXIMUM ITER EXCEEDED    1.0530729999999999        1.0584000000000000        100000000000.00000        0.0000000000000000        12500.000000000000                         0                    0
 ITER>=LOOP:          13   11452.750000000000        12500.000000000000        50.000000000000000               11          11   256.45264083011534                0                    0                    0  0.51231425258380725       0.51246598236987284            20000       20000
  MAXIMUM ITER EXCEEDED    1.0588210000000000        1.1791000000000000        100000000000.00000        0.0000000000000000        12500.000000000000                         0                    0
 ITER>=LOOP:          13   11220.459248239251        12500.000000000000        50.000000000000000               11          11   3621.1039586810039                0                    0                    0  0.51232135945354929       0.51489169167737259            20000       20000
  MAXIMUM ITER EXCEEDED    3.0543800000000001        2.0360999999999998        100000000000.00000        0.0000000000000000        12500.000000000000                         0                    0
 ITER>=LOOP:          13   1510.7106852940240        12500.000000000000        50.000000000000000               11          11   11.477257013479630                0                    0                    0  0.71345666880436065       0.59404798512867574            20000       20000
  MAXIMUM ITER EXCEEDED    1.1177969999999999       0.63600000000000001        100000000000.00000        0.0000000000000000        12500.000000000000                         0                    0
 ITER>=LOOP:           7   9234.9186864764106        12500.000000000000        50.000000000000000               11          11   9234.9186864764106                0                    0                    0  0.51293668498133693       0.63600001099994297            20000       20000
  MAXIMUM ITER EXCEEDED    1.1120049999999999        1.7115000000000000        100000000000.00000        0.0000000000000000        12500.000000000000                         0                    0
 ITER>=LOOP:          13   9429.2092421695161        12500.000000000000        50.000000000000000               11          11   7207.5065134467623                0                    0                    0  0.51278595170942631       0.56186152750872420            20000       20000
  MAXIMUM ITER EXCEEDED    5.8746029999999996        1.0945000000000000        100000000000.00000        0.0000000000000000        12500.000000000000                         0                    0
 ITER>=LOOP:          13   9971.5000000000000        12500.000000000000        50.000000000000000               11          11   44.405669900192152                0                    0                    0   1.0941803603047446       0.51275573878757763            20000       20000
  MAXIMUM ITER EXCEEDED    7.5147690000000003        1.1462000000000001        100000000000.00000        0.0000000000000000        12500.000000000000                         0                    0
 ITER>=LOOP:          10   8443.6102648998858        12500.000000000000        50.000000000000000               12          11   26.826495170360431                0                    0                    0   1.3438208180774918       0.51357503642557034            20000       20000
  MAXIMUM ITER EXCEEDED    1.4926280000000001       0.72629999999999995        100000000000.00000        0.0000000000000000        12500.000000000000                         0                    0
 ITER>=LOOP:           7   3436.2344569220941        12500.000000000000        50.000000000000000               11          11   3436.2344569220941                0                    0                    0  0.53833270522536791       0.72630000993973221            20000       20000
  MAXIMUM ITER EXCEEDED    1.1741509999999999       0.56489999999999996        100000000000.00000        0.0000000000000000        12500.000000000000                         0                    0
 ITER>=LOOP:           7   7729.3178829328654        12500.000000000000        50.000000000000000               11          11   7729.3178829328654                0                    0                    0  0.51445604866069528       0.56490001093038578            20000       20000
  MAXIMUM ITER EXCEEDED    1.3768000000000000       0.63610000000000000        100000000000.00000        0.0000000000000000        12500.000000000000                         0                    0
 ITER>=LOOP:           6   4469.9790349502691        12500.000000000000        50.000000000000000               11          11   4469.9790349502691                0                    0                    0  0.52564368044808318       0.63610001045320330            20000       20000
  MAXIMUM ITER EXCEEDED    1.4689239999999999        1.7107000000000001        100000000000.00000        0.0000000000000000        12500.000000000000                         0                    0
 ITER>=LOOP:          13   3626.1477042098632        12500.000000000000        50.000000000000000               11          11   1401.3247668821373                0                    0                    0  0.53550360599873881       0.56199290930328372            20000       20000
  MAXIMUM ITER EXCEEDED    2.8598119999999998        2.0916999999999999        100000000000.00000        0.0000000000000000        12500.000000000000                         0                    0
 ITER>=LOOP:          13   1431.8732981607629        12500.000000000000        50.000000000000000               11          11   42.758804909572063                0                    0                    0  0.68795416032155332       0.59314246534601944            20000       20000
  MAXIMUM ITER EXCEEDED    1.3098630000000000        1.3038000000000001        100000000000.00000        0.0000000000000000        12500.000000000000                         0                    0
 ITER>=LOOP:          13   5375.0000295683749        12500.000000000000        50.000000000000000               11          11   36.150391489840331                0                    0                    0  0.52053399316307847       0.52025139182114688            20000       20000
  MAXIMUM ITER EXCEEDED    1.1612439999999999        1.2206999999999999        100000000000.00000        0.0000000000000000        12500.000000000000                         0                    0
 ITER>=LOOP:          13   8037.7761720616945        12500.000000000000        50.000000000000000               11          11   1321.3825731429733                0                    0                    0  0.51393978969935861       0.51627223103177411            20000       20000
  MAXIMUM ITER EXCEEDED    1.8837330000000001        1.6284000000000001        100000000000.00000        0.0000000000000000        12500.000000000000                         0                    0
 ITER>=LOOP:          13   2609.6875000000000        12500.000000000000        50.000000000000000               11          11   24.765496327692290                0                    0                    0  0.58212637477641138       0.55288221250726888            20000       20000
  MAXIMUM ITER EXCEEDED    1.1998690000000001       0.69660000000000000        100000000000.00000        0.0000000000000000        12500.000000000000                         0                    0
 ITER>=LOOP:           7   7149.3659809109749        12500.000000000000        50.000000000000000               11          11   7149.3659809109749                0                    0                    0  0.51553024335927444       0.69660001049250442            20000       20000
  MAXIMUM ITER EXCEEDED    2.6028030000000002        1.7890999999999999        100000000000.00000        0.0000000000000000        12500.000000000000                         0                    0
 ITER>=LOOP:          13   1950.0332692860820        12500.000000000000        50.000000000000000               11          11  0.66346496123401266                0                    0                    0  0.65748649506404311       0.57082194488264759            20000       20000
  MAXIMUM ITER EXCEEDED    1.7052430000000001       0.67179999999999995        100000000000.00000        0.0000000000000000        12500.000000000000                         0                    0
 ITER>=LOOP:           7   2287.5704507378059        12500.000000000000        50.000000000000000               11          11   2287.5704507378059                0                    0                    0  0.56112070830117156       0.67180000908430004            20000       20000
  MAXIMUM ITER EXCEEDED    1.1636400000000000       0.63439999999999996        100000000000.00000        0.0000000000000000        12500.000000000000                         0                    0
 ITER>=LOOP:           7   7974.8079355178425        12500.000000000000        50.000000000000000               11          11   7974.8079355178425                0                    0                    0  0.51362717784728196       0.63440000906692717            20000       20000
  MAXIMUM ITER EXCEEDED    2.4571980000000000        1.0984000000000000        100000000000.00000        0.0000000000000000        12500.000000000000                         0                    0
 ITER>=LOOP:          10   9817.1250000000000        12500.000000000000        50.000000000000000               11          11   14.698215779750171                0                    0                    0  0.63725517558653066       0.51270952370976375            20000       20000
  MAXIMUM ITER EXCEEDED    1.6456000000000000        3.4750000000000001        100000000000.00000        0.0000000000000000        12500.000000000000                         0                    0
 ITER>=LOOP:          13   2518.8087922976561        12500.000000000000        50.000000000000000               11          11   2191.7172960790776                0                    0                    0  0.55541460723172487       0.77298066864203341            20000       20000
  MAXIMUM ITER EXCEEDED    1.1838890000000000       0.69230000000000003        100000000000.00000        0.0000000000000000        12500.000000000000                         0                    0
 ITER>=LOOP:           7   7504.2761517542140        12500.000000000000        50.000000000000000               11          11   7504.2761517542140                0                    0                    0  0.51521902874432446       0.69230001090171045            20000       20000
  MAXIMUM ITER EXCEEDED    1.0332939999999999        2.6562000000000001        100000000000.00000        0.0000000000000000        12500.000000000000                         0                    0
 ITER>=LOOP:          13   12250.250000000000        12500.000000000000        50.000000000000000               11          11   11544.074399615460                0                    0                    0  0.51220291487198388       0.66294710113840682            20000       20000
  MAXIMUM ITER EXCEEDED    1.3891720000000001        2.7526000000000002        100000000000.00000        0.0000000000000000        12500.000000000000                         0                    0
 ITER>=LOOP:          13   4342.5000000000000        12500.000000000000        50.000000000000000               11          11   3704.8783074406128                0                    0                    0  0.52698632668843004       0.67463715582574635            20000       20000
  MAXIMUM ITER EXCEEDED    2.4274000000000000        2.3841000000000001        100000000000.00000        0.0000000000000000        12500.000000000000                         0                    0
 ITER>=LOOP:          13   1000.0000024383430        12500.000000000000        50.000000000000000               11          11   40.464327578263124                0                    0                    0  0.63054464404316968       0.62176522851911675            20000       20000
  MAXIMUM ITER EXCEEDED    1.5092300000000001        1.1345000000000001        100000000000.00000        0.0000000000000000        12500.000000000000                         0                    0
 ITER>=LOOP:          13   8761.0235164599198        12500.000000000000        50.000000000000000               11          11   24.005835859565195                0                    0                    0  0.54000163057981543       0.51329017354833884            20000       20000
  MAXIMUM ITER EXCEEDED    1.2869409999999999       0.76939999999999997        100000000000.00000        0.0000000000000000        12500.000000000000                         0                    0
 ITER>=LOOP:           7   5606.5033588282386        12500.000000000000        50.000000000000000               11          11   5606.5033588282386                0                    0                    0  0.51885944037310461       0.76940001074990061            20000       20000
  MAXIMUM ITER EXCEEDED    2.1646540000000001        1.0474000000000001        100000000000.00000        0.0000000000000000        12500.000000000000                         0                    0
 ITER>=LOOP:          13   11672.781250000000        12500.000000000000        50.000000000000000               11          11   44.031930748999002                0                    0                    0  0.58901144563296237       0.51229806731434147            20000       20000
  MAXIMUM ITER EXCEEDED    1.5372110000000001        3.5977999999999999        100000000000.00000        0.0000000000000000        12500.000000000000                         0                    0
 ITER>=LOOP:          14   3100.0000000000000        12500.000000000000        50.000000000000000               11          11   2803.2735374995864                0                    0                    0  0.54328356198656114       0.79188991256524788            20000       20000
  MAXIMUM ITER EXCEEDED    1.5616589999999999        1.0522000000000000        100000000000.00000        0.0000000000000000        12500.000000000000                         0                    0
 ITER>=LOOP:          13   11439.562500000000        12500.000000000000        50.000000000000000               11          11   2.3721287697026128                0                    0                    0  0.54557951019206141       0.51231489732722613            20000       20000
  MAXIMUM ITER EXCEEDED    6.6815720000000001        2.4390000000000001        100000000000.00000        0.0000000000000000        12500.000000000000                         0                    0
 ITER>=LOOP:          10   903.74308111966297        12500.000000000000        50.000000000000000               12          11   4.0311577863790262                0                    0                    0   1.2117981551634356       0.63333133126358754            20000       20000
  MAXIMUM ITER EXCEEDED    1.3872040000000001        1.9192000000000000        100000000000.00000        0.0000000000000000        12500.000000000000                         0                    0
 ITER>=LOOP:          13   4333.9657059006131        12500.000000000000        50.000000000000000               11          11   2720.9479813729540                0                    0                    0  0.52675598155177994       0.58611300216283302            20000       20000
